1)

7*8

2147483647 2147483647 0 0 2147483647 0 -1 -1
0 2147483647 2147483647 2147483647 0 -1 0 2147483647
0 2147483647 -1 -1 -1 -1 2147483647 -1
0 0 -1 2147483647 2147483647 2147483647 2147483647 -1
2147483647 -1 -1 0 2147483647 0 0 -1
2147483647 -1 2147483647 -1 -1 2147483647 -1 0
2147483647 0 2147483647 2147483647 0 -1 -1 0


2)

6*5

-1 2147483647 -1 2147483647 -1
-1 2147483647 2147483647 2147483647 -1
-1 2147483647 2147483647 2147483647 -1
0 2147483647 -1 2147483647 -1
-1 -1 2147483647 2147483647 2147483647
2147483647 2147483647 2147483647 0 2147483647

3)

8*3

-1 -1 -1
-1 2147483647 -1
-1 2147483647 0
 0 2147483647 -1
-1 -1 -1
2147483647 0 0
2147483647 2147483647 2147483647
2147483647 -1 -1


4)

5*5

0 -1 -1 0 0
2147483647 -1 -1 2147483647 2147483647
2147483647 2147483647 0 2147483647 -1
2147483647 2147483647 2147483647 2147483647 2147483647
0 2147483647 2147483647 2147483647 0

5)

7*7

0 0 0 0 0 0 0
0 2147483647 2147483647 2147483647 2147483647 2147483647 0
0 2147483647 2147483647 2147483647 2147483647 2147483647 0
0 2147483647 2147483647 2147483647 2147483647 2147483647 0
0 2147483647 2147483647 2147483647 2147483647 2147483647 0
0 2147483647 2147483647 2147483647 2147483647 2147483647 0
0 0 0 0 0 0 0

6)

6*6

0 0 0 0 0 0
0 -1 -1 -1 -1 0
0 -1 2147483647 2147483647 -1 0
0 -1 2147483647 2147483647 -1 0
0 -1 -1 -1 -1 0
0 0 0 0 0 0


7)

44*55

2147483647 2147483647 0 0 2147483647 0 -1 -1 0 2147483647 2147483647 2147483647 0 -1 0 2147483647 0 2147483647 -1 -1 -1 -1 2147483647 -1 0 0 -1 2147483647 2147483647 2147483647 2147483647 -1 2147483647 -1 -1 0 2147483647 0 0 -1 2147483647 -1 2147483647 -1 -1 2147483647 -1 0 2147483647 0 2147483647 2147483647 0 -1 -1
0 2147483647 -1 0 0 0 2147483647 2147483647 -1 -1 0 0 2147483647 0 0 2147483647 -1 2147483647 -1 0 2147483647 -1 -1 -1 2147483647 -1 2147483647 -1 0 -1 2147483647 0 2147483647 2147483647 0 -1 -1 2147483647 0 2147483647 0 2147483647 -1 -1 2147483647 -1 2147483647 0 -1 -1 -1 -1 2147483647 2147483647 -1
2147483647 2147483647 2147483647 0 -1 -1 2147483647 -1 -1 -1 0 -1 2147483647 -1 2147483647 2147483647 -1 0 2147483647 0 2147483647 0 -1 0 0 0 -1 2147483647 0 -1 0 2147483647 -1 -1 2147483647 2147483647 0 2147483647 2147483647 -1 2147483647 0 2147483647 0 -1 2147483647 -1 2147483647 -1 2147483647 0 2147483647 -1 2147483647 2147483647
-1 0 -1 2147483647 2147483647 0 2147483647 2147483647 0 -1 -1 -1 -1 -1 0 0 -1 2147483647 0 -1 2147483647 -1 2147483647 0 2147483647 2147483647 0 -1 0 2147483647 -1 -1 2147483647 0 0 2147483647 2147483647 2147483647 -1 2147483647 2147483647 0 2147483647 0 -1 2147483647 0 -1 2147483647 0 2147483647 -1 0 -1 -1
0 -1 0 2147483647 2147483647 -1 -1 -1 -1 2147483647 2147483647 2147483647 2147483647 2147483647 0 0 -1 -1 0 0 2147483647 2147483647 0 2147483647 2147483647 2147483647 -1 0 0 -1 2147483647 -1 2147483647 -1 -1 2147483647 0 2147483647 2147483647 2147483647 0 -1 -1 -1 2147483647 -1 2147483647 -1 0 2147483647 2147483647 -1 0 2147483647 2147483647
2147483647 2147483647 2147483647 -1 0 2147483647 -1 -1 -1 -1 0 0 0 2147483647 0 0 0 -1 -1 0 2147483647 2147483647 -1 2147483647 2147483647 2147483647 -1 0 -1 2147483647 0 2147483647 0 0 2147483647 0 -1 0 -1 2147483647 -1 0 0 0 0 0 0 -1 0 0 2147483647 -1 0 2147483647 0
2147483647 0 2147483647 -1 -1 0 2147483647 0 2147483647 2147483647 2147483647 0 -1 0 -1 2147483647 2147483647 2147483647 2147483647 -1 0 0 -1 0 0 0 -1 2147483647 0 0 -1 2147483647 0 2147483647 2147483647 2147483647 -1 -1 -1 2147483647 -1 2147483647 2147483647 -1 0 -1 0 2147483647 2147483647 2147483647 0 2147483647 -1 2147483647 2147483647
0 2147483647 0 2147483647 -1 -1 2147483647 -1 2147483647 0 2147483647 2147483647 0 -1 2147483647 0 2147483647 2147483647 0 2147483647 2147483647 -1 2147483647 2147483647 0 2147483647 0 2147483647 -1 0 0 0 2147483647 2147483647 -1 0 -1 -1 2147483647 -1 2147483647 2147483647 0 2147483647 2147483647 2147483647 0 2147483647 2147483647 -1 2147483647 2147483647 0 0 2147483647
0 2147483647 2147483647 2147483647 0 0 2147483647 2147483647 0 -1 2147483647 0 2147483647 0 2147483647 0 0 2147483647 0 -1 0 2147483647 0 -1 2147483647 0 0 -1 0 -1 0 2147483647 0 2147483647 -1 2147483647 0 -1 -1 -1 0 0 -1 0 -1 2147483647 -1 0 0 2147483647 0 2147483647 2147483647 0 -1
2147483647 2147483647 0 0 2147483647 0 0 0 0 2147483647 0 0 -1 -1 2147483647 -1 0 -1 2147483647 2147483647 0 2147483647 0 2147483647 2147483647 -1 0 0 0 0 2147483647 2147483647 -1 -1 0 2147483647 0 0 2147483647 -1 2147483647 2147483647 0 0 2147483647 -1 -1 -1 -1 0 -1 0 -1 0 0
-1 0 0 0 -1 2147483647 -1 -1 -1 0 -1 -1 0 -1 2147483647 2147483647 0 2147483647 -1 -1 2147483647 2147483647 -1 -1 0 2147483647 0 0 -1 2147483647 2147483647 -1 2147483647 0 -1 0 0 2147483647 2147483647 2147483647 -1 2147483647 2147483647 0 2147483647 -1 0 2147483647 -1 2147483647 -1 0 0 -1 -1
2147483647 2147483647 2147483647 -1 2147483647 0 0 -1 0 0 -1 0 2147483647 2147483647 2147483647 -1 0 -1 0 2147483647 -1 2147483647 -1 0 -1 0 -1 2147483647 2147483647 2147483647 0 -1 2147483647 -1 2147483647 -1 0 2147483647 0 2147483647 2147483647 2147483647 0 -1 0 2147483647 2147483647 2147483647 2147483647 -1 0 2147483647 0 -1 -1
0 0 -1 -1 -1 0 -1 2147483647 2147483647 2147483647 2147483647 -1 0 0 -1 0 -1 0 -1 -1 2147483647 -1 0 0 2147483647 -1 2147483647 0 -1 2147483647 -1 2147483647 0 0 2147483647 0 -1 -1 0 -1 -1 0 0 0 0 -1 -1 0 2147483647 -1 -1 2147483647 2147483647 0 -1
2147483647 0 0 -1 -1 2147483647 -1 2147483647 -1 0 2147483647 -1 0 -1 2147483647 0 -1 -1 0 2147483647 -1 -1 0 0 2147483647 2147483647 2147483647 2147483647 2147483647 2147483647 -1 2147483647 0 2147483647 2147483647 2147483647 2147483647 -1 -1 0 2147483647 0 -1 0 -1 -1 0 2147483647 0 0 -1 -1 -1 2147483647 2147483647
2147483647 2147483647 2147483647 -1 0 -1 -1 -1 -1 0 2147483647 -1 -1 0 0 2147483647 2147483647 2147483647 2147483647 -1 2147483647 2147483647 0 -1 2147483647 -1 0 -1 0 0 -1 2147483647 2147483647 -1 2147483647 -1 0 -1 0 0 -1 2147483647 0 0 -1 -1 2147483647 2147483647 0 0 -1 2147483647 0 0 2147483647
2147483647 -1 2147483647 2147483647 -1 2147483647 2147483647 -1 0 2147483647 2147483647 0 -1 0 -1 0 0 0 -1 2147483647 0 -1 2147483647 0 -1 -1 0 2147483647 0 0 2147483647 -1 -1 2147483647 -1 -1 0 -1 0 0 -1 0 0 -1 -1 2147483647 -1 0 2147483647 -1 -1 0 2147483647 2147483647 -1
0 -1 2147483647 0 0 0 0 2147483647 -1 0 2147483647 2147483647 2147483647 -1 2147483647 0 -1 2147483647 0 -1 0 -1 0 -1 2147483647 -1 2147483647 2147483647 -1 0 2147483647 -1 -1 2147483647 0 -1 -1 0 2147483647 2147483647 -1 2147483647 2147483647 -1 2147483647 0 2147483647 2147483647 -1 -1 0 0 2147483647 0 -1
-1 0 -1 0 -1 -1 2147483647 -1 -1 -1 -1 -1 -1 2147483647 2147483647 2147483647 0 2147483647 0 0 -1 0 0 0 0 0 2147483647 0 2147483647 -1 2147483647 0 -1 0 -1 0 -1 2147483647 0 0 -1 0 2147483647 0 -1 0 0 2147483647 -1 2147483647 0 2147483647 -1 2147483647 2147483647
0 2147483647 -1 -1 -1 0 -1 2147483647 -1 -1 -1 0 -1 0 -1 2147483647 -1 -1 0 -1 0 2147483647 -1 2147483647 2147483647 0 -1 0 -1 0 2147483647 -1 0 2147483647 -1 0 -1 0 0 -1 -1 0 -1 0 2147483647 0 -1 0 0 2147483647 -1 0 0 -1 2147483647
2147483647 2147483647 0 0 0 2147483647 2147483647 -1 2147483647 0 -1 2147483647 2147483647 2147483647 0 2147483647 2147483647 -1 -1 0 2147483647 -1 -1 0 2147483647 0 0 0 2147483647 2147483647 0 -1 2147483647 2147483647 0 -1 0 2147483647 -1 -1 2147483647 -1 2147483647 -1 -1 0 -1 0 -1 0 -1 2147483647 -1 0 0
2147483647 0 0 -1 2147483647 2147483647 -1 2147483647 0 0 0 2147483647 0 -1 0 2147483647 2147483647 -1 2147483647 2147483647 -1 0 2147483647 -1 2147483647 -1 0 -1 -1 2147483647 0 0 -1 2147483647 0 -1 2147483647 2147483647 -1 -1 0 2147483647 -1 -1 -1 -1 -1 2147483647 2147483647 2147483647 -1 0 0 -1 -1
0 -1 -1 0 2147483647 0 -1 2147483647 2147483647 2147483647 0 2147483647 0 -1 0 -1 2147483647 2147483647 0 2147483647 0 -1 -1 0 -1 -1 -1 2147483647 -1 0 0 -1 -1 0 -1 0 0 0 0 0 2147483647 -1 0 -1 -1 -1 -1 -1 -1 0 -1 2147483647 0 0 -1
-1 0 0 -1 -1 0 0 2147483647 -1 2147483647 -1 0 0 2147483647 0 0 2147483647 -1 -1 0 0 2147483647 0 -1 -1 -1 -1 -1 2147483647 0 -1 0 2147483647 -1 -1 2147483647 -1 -1 -1 2147483647 -1 -1 2147483647 0 2147483647 2147483647 2147483647 0 2147483647 0 -1 0 -1 0 0
2147483647 0 2147483647 -1 2147483647 0 2147483647 -1 -1 2147483647 2147483647 -1 -1 0 0 0 0 0 -1 2147483647 -1 0 -1 -1 -1 -1 0 2147483647 -1 -1 0 -1 0 0 2147483647 2147483647 0 2147483647 2147483647 0 2147483647 2147483647 0 0 -1 0 -1 0 0 0 -1 -1 2147483647 0 -1
2147483647 2147483647 2147483647 -1 -1 2147483647 0 2147483647 0 2147483647 2147483647 -1 0 2147483647 2147483647 2147483647 -1 -1 -1 0 -1 -1 2147483647 0 0 2147483647 -1 2147483647 -1 2147483647 -1 -1 -1 0 2147483647 2147483647 2147483647 2147483647 0 2147483647 0 0 -1 -1 2147483647 -1 2147483647 -1 -1 2147483647 2147483647 0 -1 -1 2147483647
0 -1 0 -1 -1 2147483647 2147483647 2147483647 0 0 0 2147483647 2147483647 2147483647 -1 -1 2147483647 0 2147483647 -1 2147483647 0 2147483647 0 0 0 0 2147483647 0 2147483647 2147483647 -1 2147483647 2147483647 2147483647 2147483647 -1 0 2147483647 0 2147483647 -1 2147483647 2147483647 0 0 -1 -1 2147483647 -1 -1 0 -1 -1 0
2147483647 2147483647 -1 -1 2147483647 2147483647 2147483647 -1 0 -1 0 2147483647 2147483647 0 2147483647 -1 0 0 0 -1 -1 -1 0 -1 0 0 0 0 -1 -1 0 0 2147483647 -1 2147483647 0 0 -1 -1 2147483647 2147483647 0 2147483647 -1 -1 2147483647 -1 2147483647 -1 2147483647 -1 -1 -1 2147483647 0
2147483647 -1 2147483647 0 -1 -1 2147483647 -1 2147483647 2147483647 -1 0 2147483647 2147483647 -1 -1 -1 -1 2147483647 0 -1 -1 0 0 2147483647 2147483647 0 -1 -1 -1 2147483647 2147483647 0 0 0 2147483647 -1 0 -1 0 0 -1 -1 2147483647 0 -1 0 -1 2147483647 0 2147483647 0 -1 -1 2147483647
-1 0 2147483647 0 -1 0 -1 0 -1 -1 0 2147483647 0 2147483647 0 -1 0 -1 -1 0 2147483647 -1 2147483647 -1 2147483647 -1 0 -1 -1 2147483647 0 0 0 -1 0 2147483647 -1 0 -1 -1 2147483647 0 0 2147483647 0 2147483647 2147483647 -1 -1 2147483647 2147483647 2147483647 2147483647 -1 2147483647
-1 -1 0 -1 -1 -1 2147483647 2147483647 0 -1 2147483647 -1 2147483647 2147483647 2147483647 0 -1 0 2147483647 0 0 0 0 0 -1 -1 2147483647 -1 0 0 0 0 0 0 0 -1 2147483647 -1 2147483647 2147483647 -1 0 -1 -1 2147483647 0 2147483647 0 -1 -1 2147483647 0 2147483647 0 2147483647
0 0 2147483647 2147483647 2147483647 0 -1 -1 -1 0 -1 2147483647 2147483647 0 0 -1 2147483647 0 2147483647 2147483647 0 -1 -1 0 -1 2147483647 0 -1 2147483647 2147483647 0 0 0 0 2147483647 2147483647 2147483647 2147483647 2147483647 -1 2147483647 2147483647 0 2147483647 2147483647 -1 -1 -1 -1 0 -1 0 -1 -1 2147483647
2147483647 2147483647 2147483647 2147483647 2147483647 0 0 0 0 0 0 -1 0 -1 2147483647 -1 -1 0 0 0 2147483647 2147483647 0 2147483647 0 -1 -1 -1 2147483647 2147483647 0 2147483647 -1 0 0 2147483647 2147483647 -1 0 0 -1 0 0 -1 0 2147483647 0 2147483647 0 2147483647 2147483647 0 0 -1 0
-1 0 2147483647 0 0 0 -1 -1 2147483647 0 0 -1 -1 2147483647 2147483647 2147483647 2147483647 0 2147483647 2147483647 -1 0 0 -1 0 -1 -1 -1 -1 0 2147483647 2147483647 0 -1 -1 -1 0 2147483647 0 0 -1 -1 2147483647 0 -1 2147483647 -1 -1 -1 -1 0 2147483647 -1 0 0
-1 0 -1 0 2147483647 0 0 -1 0 2147483647 -1 0 -1 -1 -1 2147483647 0 -1 0 2147483647 -1 0 -1 -1 -1 0 0 0 2147483647 2147483647 -1 -1 2147483647 2147483647 -1 -1 0 0 2147483647 -1 2147483647 2147483647 2147483647 2147483647 -1 0 2147483647 -1 2147483647 2147483647 2147483647 0 2147483647 0 2147483647
0 0 0 0 0 0 0 -1 2147483647 0 -1 -1 2147483647 2147483647 2147483647 2147483647 2147483647 -1 0 -1 2147483647 -1 0 0 2147483647 2147483647 0 0 2147483647 2147483647 0 2147483647 0 2147483647 -1 0 -1 0 -1 0 2147483647 0 -1 0 0 2147483647 -1 -1 2147483647 2147483647 2147483647 2147483647 0 0 2147483647
-1 2147483647 -1 2147483647 2147483647 2147483647 2147483647 -1 2147483647 0 -1 2147483647 -1 -1 0 2147483647 2147483647 2147483647 2147483647 -1 0 2147483647 -1 2147483647 -1 -1 -1 2147483647 2147483647 -1 0 2147483647 -1 2147483647 2147483647 0 2147483647 2147483647 2147483647 0 0 -1 -1 0 0 0 2147483647 0 2147483647 2147483647 2147483647 2147483647 2147483647 0 0
0 2147483647 -1 0 2147483647 0 -1 -1 0 -1 0 0 -1 -1 2147483647 -1 -1 2147483647 -1 0 -1 -1 -1 0 2147483647 -1 -1 -1 0 -1 0 -1 0 2147483647 0 0 2147483647 -1 2147483647 2147483647 -1 -1 0 -1 0 -1 2147483647 2147483647 2147483647 -1 0 -1 0 -1 0
-1 0 -1 -1 -1 -1 -1 2147483647 -1 -1 -1 -1 0 2147483647 0 -1 -1 -1 2147483647 -1 0 -1 2147483647 2147483647 0 2147483647 0 0 -1 -1 -1 -1 0 0 0 -1 -1 -1 2147483647 0 -1 0 -1 0 -1 0 2147483647 -1 0 -1 -1 2147483647 -1 -1 0
2147483647 2147483647 0 2147483647 2147483647 0 0 2147483647 2147483647 2147483647 -1 0 2147483647 -1 2147483647 2147483647 0 -1 2147483647 0 2147483647 -1 -1 2147483647 -1 2147483647 2147483647 -1 -1 -1 2147483647 2147483647 2147483647 0 -1 0 0 -1 -1 0 2147483647 -1 0 0 0 0 2147483647 -1 2147483647 -1 0 -1 2147483647 2147483647 2147483647
0 2147483647 -1 0 2147483647 -1 2147483647 -1 2147483647 0 2147483647 0 -1 0 0 0 0 -1 -1 -1 -1 -1 -1 0 2147483647 2147483647 2147483647 2147483647 -1 2147483647 0 2147483647 0 2147483647 0 0 0 -1 0 0 -1 0 0 2147483647 -1 0 2147483647 2147483647 -1 0 -1 2147483647 -1 -1 0
0 2147483647 2147483647 2147483647 0 0 -1 0 -1 -1 2147483647 2147483647 2147483647 -1 -1 0 2147483647 -1 0 -1 -1 0 -1 2147483647 -1 2147483647 0 2147483647 -1 2147483647 0 -1 0 0 0 2147483647 2147483647 0 -1 2147483647 -1 -1 -1 2147483647 -1 -1 -1 -1 0 2147483647 -1 0 0 0 -1
0 -1 2147483647 2147483647 -1 2147483647 2147483647 0 -1 2147483647 0 -1 2147483647 0 0 0 2147483647 0 2147483647 -1 2147483647 2147483647 2147483647 -1 0 0 -1 0 2147483647 -1 2147483647 2147483647 -1 0 2147483647 2147483647 -1 2147483647 0 2147483647 0 -1 -1 -1 -1 2147483647 2147483647 0 -1 2147483647 -1 2147483647 2147483647 0 2147483647
0 2147483647 -1 2147483647 0 2147483647 -1 2147483647 2147483647 0 2147483647 -1 2147483647 0 -1 0 -1 2147483647 0 2147483647 0 -1 2147483647 0 -1 2147483647 -1 -1 -1 -1 0 -1 0 0 0 -1 -1 -1 0 0 0 -1 2147483647 -1 2147483647 -1 0 0 0 2147483647 0 2147483647 -1 -1 2147483647
0 2147483647 2147483647 2147483647 0 0 -1 0 -1 0 -1 0 2147483647 -1 0 -1 -1 -1 0 2147483647 2147483647 2147483647 0 0 0 0 -1 -1 -1 0 0 2147483647 2147483647 2147483647 2147483647 0 0 -1 -1 -1 2147483647 2147483647 -1 2147483647 -1 2147483647 -1 2147483647 0 -1 0 2147483647 0 -1 0


8)

23*32

2147483647 2147483647 0 0 2147483647 0 -1 -1 0 2147483647 2147483647 2147483647 0 -1 0 2147483647 0 2147483647 -1 -1 -1 -1 2147483647 -1 0 0 -1 2147483647 2147483647 2147483647 2147483647 -1
2147483647 -1 -1 0 2147483647 0 0 -1 2147483647 -1 2147483647 -1 -1 2147483647 -1 0 2147483647 0 2147483647 2147483647 0 -1 -1 0 2147483647 -1 0 0 0 2147483647 2147483647 -1
-1 0 0 2147483647 0 0 2147483647 -1 2147483647 -1 0 2147483647 -1 -1 -1 2147483647 -1 2147483647 -1 0 -1 2147483647 0 2147483647 2147483647 0 -1 -1 2147483647 0 2147483647 0
2147483647 -1 -1 2147483647 -1 2147483647 0 -1 -1 -1 -1 2147483647 2147483647 -1 2147483647 2147483647 2147483647 0 -1 -1 2147483647 -1 -1 -1 0 -1 2147483647 -1 2147483647 2147483647 -1 0
2147483647 0 2147483647 0 -1 0 0 0 -1 2147483647 0 -1 0 2147483647 -1 -1 2147483647 2147483647 0 2147483647 2147483647 -1 2147483647 0 2147483647 0 -1 2147483647 -1 2147483647 -1 2147483647
0 2147483647 -1 2147483647 2147483647 -1 0 -1 2147483647 2147483647 0 2147483647 2147483647 0 -1 -1 -1 -1 -1 0 0 -1 2147483647 0 -1 2147483647 -1 2147483647 0 2147483647 2147483647 0
-1 0 2147483647 -1 -1 2147483647 0 0 2147483647 2147483647 2147483647 -1 2147483647 2147483647 0 2147483647 0 -1 2147483647 0 -1 2147483647 0 2147483647 -1 0 -1 -1 0 -1 0 2147483647
2147483647 -1 -1 -1 -1 2147483647 2147483647 2147483647 2147483647 2147483647 0 0 -1 -1 0 0 2147483647 2147483647 0 2147483647 2147483647 2147483647 -1 0 0 -1 2147483647 -1 2147483647 -1 -1 2147483647
0 2147483647 2147483647 2147483647 0 -1 -1 -1 2147483647 -1 2147483647 -1 0 2147483647 2147483647 -1 0 2147483647 2147483647 2147483647 2147483647 2147483647 -1 0 2147483647 -1 -1 -1 -1 0 0 0
2147483647 0 0 0 -1 -1 0 2147483647 2147483647 -1 2147483647 2147483647 2147483647 -1 0 -1 2147483647 0 2147483647 0 0 2147483647 0 -1 0 -1 2147483647 -1 0 0 0 0
0 0 -1 0 0 2147483647 -1 0 2147483647 0 2147483647 0 2147483647 -1 -1 0 2147483647 0 2147483647 2147483647 2147483647 0 -1 0 -1 2147483647 2147483647 2147483647 2147483647 -1 0 0
-1 0 0 0 -1 2147483647 0 0 -1 2147483647 0 2147483647 2147483647 2147483647 -1 -1 -1 2147483647 -1 2147483647 2147483647 -1 0 -1 0 2147483647 2147483647 2147483647 0 2147483647 -1 2147483647
2147483647 0 2147483647 0 2147483647 -1 -1 2147483647 -1 2147483647 0 2147483647 2147483647 0 -1 2147483647 0 2147483647 2147483647 0 2147483647 2147483647 -1 2147483647 2147483647 0 2147483647 0 2147483647 -1 0 0
0 2147483647 2147483647 -1 0 -1 -1 2147483647 -1 2147483647 2147483647 0 2147483647 2147483647 2147483647 0 2147483647 2147483647 -1 2147483647 2147483647 0 0 2147483647 0 2147483647 2147483647 2147483647 0 0 2147483647 2147483647
0 -1 2147483647 0 2147483647 0 2147483647 0 0 2147483647 0 -1 0 2147483647 0 -1 2147483647 0 0 -1 0 -1 0 2147483647 0 2147483647 -1 2147483647 0 -1 -1 -1
0 0 -1 0 -1 2147483647 -1 0 0 2147483647 0 2147483647 2147483647 0 -1 2147483647 2147483647 0 0 2147483647 0 0 0 0 2147483647 0 0 -1 -1 2147483647 -1 0
-1 2147483647 2147483647 0 2147483647 0 2147483647 2147483647 -1 0 0 0 0 2147483647 2147483647 -1 -1 0 2147483647 0 0 2147483647 -1 2147483647 2147483647 0 0 2147483647 -1 -1 -1 -1
0 -1 0 -1 0 0 -1 0 0 0 -1 2147483647 -1 -1 -1 0 -1 -1 0 -1 2147483647 2147483647 0 2147483647 -1 -1 2147483647 2147483647 -1 -1 0 2147483647
0 0 -1 2147483647 2147483647 -1 2147483647 0 -1 0 0 2147483647 2147483647 2147483647 -1 2147483647 2147483647 0 2147483647 -1 0 2147483647 -1 2147483647 -1 0 0 -1 -1 2147483647 2147483647 2147483647
-1 2147483647 0 0 -1 0 0 -1 0 2147483647 2147483647 2147483647 -1 0 -1 0 2147483647 -1 2147483647 -1 0 -1 0 -1 2147483647 2147483647 2147483647 0 -1 2147483647 -1 2147483647
-1 0 2147483647 0 2147483647 2147483647 2147483647 0 -1 0 2147483647 2147483647 2147483647 2147483647 -1 0 2147483647 0 -1 -1 0 0 -1 -1 -1 0 -1 2147483647 2147483647 2147483647 2147483647 -1
0 0 -1 0 -1 0 -1 -1 2147483647 -1 0 0 2147483647 -1 2147483647 0 -1 2147483647 -1 2147483647 0 0 2147483647 0 -1 -1 0 -1 -1 0 0 0
0 -1 -1 0 2147483647 -1 -1 2147483647 2147483647 0 -1 2147483647 0 0 -1 -1 2147483647 -1 2147483647 -1 0 2147483647 -1 0 -1 2147483647 0 -1 -1 0 2147483647 -1
